

Software Version	3.16.10



Experiment File Path:	C:\Users\bnext\Documents\Biotek\experiments\20261007-170653-YH Cytosol comparison_CH.xpt
Protocol File Path:	C:\Users\bnext\Documents\Biotek\protocols\cytation5_protocols\YH Cytosol comparison_CH.prt



Plate Number	Plate 1
Date	10/7/2026
Time	5:06:53 PM
Reader Type:	Cytation5
Reader Serial Number:	1705168
Reading Type	Reader

Procedure Details

Plate Type	Greiner 384 SV NoBind AutoMap
Well Selection	Runtime
Eject plate on completion	
Set Temperature	Setpoint 37°C, Gradient 0 °C
Start Kinetic	Runtime 6:00:00 (HH:MM:SS), Interval 0:05:00, 73 Reads
    Read	GFP-G70
	Fluorescence Endpoint
	Full Plate
	Filter Set 1
	    Excitation: 485/20,  Emission: 528/20
	    Optics: Top,  Gain: 70
	Light Source: Xenon Flash,  Lamp Energy: High,  Standard Dynamic Range
	Read Speed: Normal,  Delay: 100 msec,  Measurements/Data Point: 10
	Read Height: 10.5 mm
    Read	GFP-Gext
	Fluorescence Endpoint
	Full Plate
	Filter Set 1
	    Excitation: 485/20,  Emission: 528/20
	    Optics: Top,  Gain: extended
	Light Source: Xenon Flash,  Lamp Energy: High,  Extended Dynamic Range
	Read Speed: Normal,  Delay: 100 msec,  Measurements/Data Point: 10
	Read Height: 10.5 mm
End Kinetic	
Set Temperature	Incubator off

Layout
	1	2	3	4	5	6	7	8	9	10	11	12	13	14	15	16	17	18	19	20	21	22	23	24
A	SPL1		SPL2		SPL3		SPL4		SPL5		SPL6		SPL7		SPL8		SPL9		SPL10						Well ID
B	SPL1		SPL2		SPL3		SPL4		SPL5		SPL6		SPL7		SPL8		SPL9		SPL10						Well ID
C	SPL1		SPL2		SPL3		SPL4		SPL5		SPL6		SPL7		SPL8		SPL9		SPL10						Well ID
D																									Well ID
E																									Well ID
F																									Well ID
G																									Well ID
H																									Well ID
I																									Well ID
J																									Well ID
K																									Well ID
L																									Well ID
M																									Well ID
N																									Well ID
O																									Well ID
P																									Well ID

GFP-G70:485,528

Time	T° GFP-G70:485,528	A1	A3	A5	A7	A9	A11	A13	A15	A17	A19	B1	B3	B5	B7	B9	B11	B13	B15	B17	B19	C1	C3	C5	C7	C9	C11	C13	C15	C17	C19
0:00:00	37.1	49	37	48	19	16215	8762	6908	4003	4243	82193	54	46	35	59	13155	9942	6348	4000	4234	78167	25	21	48	53	8927	6347	4038	3705	4143	75488
0:05:00	37.0	39	51	47	28	15024	8194	6265	3835	3958	81131	39	50	34	47	11628	8756	5922	3809	3916	77107	40	26	50	41	8342	5526	3865	3444	3971	74821
0:10:00	37.1	29	52	52	28	14299	6097	5974	3815	3913	79420	47	38	42	57	11066	8335	5621	3799	3846	75920	30	31	48	49	6315	5235	3836	3347	3948	73960
0:15:00	37.0	63	49	45	32	13588	5762	5591	3695	3819	79213	74	44	54	48	10398	7991	5219	3631	3713	75455	61	28	56	41	5434	5068	3682	3265	3893	73554
0:20:00	37.0	91	55	60	32	12858	5198	5237	3544	3734	79116	116	68	53	50	9753	7539	4867	3509	3580	75776	75	38	77	44	5534	4824	3431	3116	3738	73090
0:25:00	37.0	144	71	95	35	12049	4661	4812	3327	3551	79563	166	66	72	49	9119	7131	4535	3334	3435	75542	128	50	97	44	5125	4553	3220	2940	3614	73551
0:30:00	37.0	219	98	119	38	11221	4421	4401	3167	3427	79360	263	103	122	65	8574	6715	4160	3140	3258	75302	204	51	129	50	4821	4307	2961	2763	3446	73202
0:35:00	37.0	316	113	160	50	10512	4176	4070	2992	3256	79202	369	122	132	61	8048	6374	3861	2965	3122	75391	273	81	160	64	4503	4042	2751	2641	3279	73171
0:40:00	37.0	407	150	193	44	9878	4086	3823	2784	3050	79692	484	152	172	75	7534	5885	3536	2807	2975	75280	359	100	203	57	4259	3835	2564	2435	3084	73230
0:45:00	37.0	540	184	220	57	9237	3626	3509	2625	2912	79117	603	192	192	80	7005	5544	3271	2595	2832	75442	449	114	240	62	3990	3527	2331	2281	2959	73066
0:50:00	37.0	654	220	257	67	8708	3319	3244	2461	2770	79439	737	232	220	79	6555	5141	3019	2427	2685	74997	552	154	277	68	3774	3331	2175	2177	2807	73053
0:55:00	37.1	779	266	287	67	8223	3146	2977	2281	2626	79759	882	282	238	102	6218	4849	2801	2288	2590	75407	641	184	308	75	3557	3118	2048	2060	2657	72856
1:00:00	37.1	917	302	312	75	7776	2954	2773	2166	2499	79595	1024	328	272	109	5880	4532	2619	2175	2394	75457	750	223	345	71	3364	2959	1880	1929	2553	73378
1:05:00	37.0	1036	352	330	78	7352	2812	2584	2042	2389	79413	1158	359	295	104	5621	4274	2387	2019	2333	75360	840	233	373	84	3216	2775	1779	1815	2381	73209
1:10:00	37.0	1141	391	350	84	6975	2643	2423	1934	2313	79497	1246	408	336	120	5377	4180	2258	1937	2207	75157	947	269	387	72	3086	2708	1654	1743	2278	72849
1:15:00	37.0	1272	436	393	80	6832	2513	2252	1890	2200	79385	1394	461	345	122	5168	3947	2106	1879	2115	75401	1053	301	400	80	2969	2603	1557	1692	2218	73273
1:20:00	37.0	1370	483	407	84	6546	2491	2200	1782	2125	79721	1502	492	349	122	5075	3780	2025	1775	2036	75474	1135	328	440	93	2884	2515	1502	1651	2107	73080
1:25:00	37.0	1482	523	426	89	6418	2393	2061	1740	2031	79911	1639	523	386	143	4936	3671	1958	1739	1957	75014	1228	331	486	96	2836	2503	1440	1592	2010	73048
1:30:00	37.0	1572	560	436	100	6409	2322	1983	1709	1982	79920	1726	576	391	146	4895	3575	1850	1704	1895	75424	1309	377	473	89	2816	2467	1408	1562	1947	73047
1:35:00	37.1	1683	600	468	105	6314	2299	1960	1683	1910	79727	1847	610	400	135	4854	3554	1842	1673	1841	75500	1415	394	498	100	2776	2478	1354	1531	1860	73273
1:40:00	37.1	1759	647	480	99	6353	2250	1943	1655	1856	79660	1917	630	417	140	4877	3463	1771	1653	1761	75774	1495	408	510	109	2788	2468	1309	1492	1826	73413
1:45:00	37.1	1838	692	509	117	6315	2224	1894	1644	1822	79816	2006	659	419	149	4807	3447	1762	1624	1744	75532	1572	427	526	96	2758	2558	1298	1538	1776	73487
1:50:00	37.0	1913	734	513	107	6316	2222	1863	1625	1773	79841	2095	690	452	151	4866	3406	1723	1620	1699	75477	1640	448	547	97	2782	2573	1307	1504	1738	72945
1:55:00	37.0	1971	758	520	105	6328	2234	1898	1625	1751	80040	2169	723	470	159	4875	3424	1744	1617	1649	75320	1752	461	567	112	2801	2676	1273	1500	1705	73519
2:00:00	37.0	2064	799	546	114	6246	2193	1847	1621	1721	79651	2265	735	474	161	4857	3407	1757	1623	1675	75929	1740	478	578	110	2773	2651	1283	1508	1692	73377
2:05:00	37.0	2111	808	568	107	6289	2221	1876	1613	1720	79594	2334	772	465	158	4791	3388	1714	1611	1664	75149	1808	500	577	103	2779	2687	1288	1502	1686	73101
2:10:00	37.1	2178	860	571	122	6275	2183	1832	1603	1709	79100	2365	774	492	184	4838	3374	1739	1580	1623	75071	1897	510	585	108	2766	2729	1289	1498	1677	73102
2:15:00	37.0	2224	877	570	114	6260	2247	1857	1612	1673	79643	2436	801	483	165	4795	3370	1703	1593	1656	75510	1909	506	609	105	2763	2763	1290	1527	1647	73231
2:20:00	37.0	2331	909	594	118	6338	2238	1861	1604	1673	79509	2535	831	492	177	4836	3418	1732	1620	1656	75320	1965	543	615	109	2787	2823	1285	1527	1662	73387
2:25:00	37.1	2319	918	600	121	6274	2206	1840	1605	1699	80455	2514	832	501	198	4798	3400	1746	1595	1642	75322	2004	563	613	122	2789	2795	1291	1557	1655	73153
2:30:00	37.0	2403	951	611	122	6271	2190	1841	1592	1665	79806	2581	871	511	185	4830	3389	1736	1602	1602	75184	2077	575	628	109	2786	2845	1276	1521	1646	73085
2:35:00	37.1	2405	959	605	116	6268	2230	1878	1591	1667	79951	2573	880	512	181	4872	3429	1708	1620	1647	75257	2094	587	644	126	2774	2827	1284	1539	1654	73658
2:40:00	37.1	2490	959	635	127	6248	2220	1850	1603	1669	80038	2646	896	528	184	4825	3384	1736	1607	1650	75561	2158	582	657	119	2770	2813	1273	1552	1658	72802
2:45:00	37.0	2494	992	642	121	6278	2253	1831	1584	1665	79717	2661	909	529	199	4894	3356	1686	1600	1667	75315	2158	590	655	129	2759	2858	1275	1533	1664	73247
2:50:00	37.0	2501	1000	669	121	6276	2238	1855	1587	1652	79852	2712	944	534	197	4839	3389	1693	1604	1640	75590	2207	598	652	141	2811	2833	1262	1541	1638	73383
2:55:00	37.0	2587	1031	655	133	6272	2231	1868	1630	1649	79908	2752	949	553	204	4870	3415	1721	1572	1667	75946	2248	626	657	138	2798	2823	1274	1565	1659	73295
3:00:00	37.0	2602	1027	656	120	6280	2243	1837	1623	1650	80209	2774	950	574	212	4832	3383	1710	1607	1658	75380	2311	635	656	142	2777	2861	1273	1556	1672	73749
3:05:00	37.0	2610	1048	686	137	6308	2238	1849	1602	1672	79628	2806	954	564	212	4841	3395	1710	1605	1645	75340	2290	644	664	132	2778	2857	1261	1559	1655	73382
3:10:00	37.0	2677	1072	671	131	6241	2226	1887	1601	1658	79706	2822	974	578	212	4884	3373	1727	1579	1664	75473	2353	651	652	140	2791	2837	1281	1551	1646	73485
3:15:00	37.0	2691	1086	691	126	6287	2240	1868	1626	1627	80113	2841	989	591	207	4855	3375	1710	1593	1654	75320	2321	647	679	139	2794	2876	1284	1553	1648	73350
3:20:00	37.0	2703	1105	675	124	6305	2225	1867	1587	1643	80369	2880	1007	596	212	4929	3364	1736	1590	1661	75489	2386	664	669	135	2838	2809	1274	1576	1679	73113
3:25:00	37.1	2735	1119	680	133	6330	2258	1857	1608	1623	79933	2870	1003	607	231	4836	3399	1734	1575	1669	75500	2411	671	686	138	2806	2824	1272	1585	1657	73276
3:30:00	37.0	2740	1126	682	130	6208	2239	1866	1589	1652	79958	2902	993	612	222	4898	3383	1727	1589	1682	75752	2419	702	677	152	2775	2866	1270	1577	1664	73332
3:35:00	37.0	2780	1158	704	129	6242	2252	1832	1615	1616	80249	2966	1017	619	219	4859	3414	1718	1612	1672	75654	2461	694	691	140	2832	2868	1282	1588	1644	73266
3:40:00	37.0	2762	1156	728	144	6250	2220	1853	1585	1621	79594	2918	1040	617	228	4814	3377	1709	1599	1668	75219	2485	687	687	147	2774	2879	1276	1577	1650	73650
3:45:00	37.0	2808	1152	700	130	6286	2274	1880	1594	1625	79851	2990	1040	617	221	4905	3430	1706	1592	1689	76137	2490	698	695	135	2841	2842	1277	1582	1665	73118
3:50:00	37.1	2813	1179	703	135	6245	2272	1854	1616	1619	80271	2978	1035	644	226	4858	3374	1701	1587	1666	75351	2471	711	685	146	2777	2917	1257	1584	1625	73258
3:55:00	37.1	2844	1158	725	142	6227	2283	1846	1592	1648	79971	3019	1040	626	241	4919	3389	1701	1583	1688	75812	2495	698	709	151	2805	2902	1281	1590	1626	73726
4:00:00	37.1	2858	1185	720	143	6255	2301	1853	1626	1639	80172	3009	1043	636	232	4867	3413	1716	1584	1667	75477	2552	715	704	151	2776	2869	1266	1593	1636	73654
4:05:00	37.0	2870	1202	718	143	6226	2299	1851	1595	1628	80506	3064	1051	648	236	4855	3399	1717	1613	1680	75306	2537	734	710	136	2813	2903	1270	1573	1649	73230
4:10:00	37.0	2908	1213	722	134	6273	2291	1849	1597	1609	80146	3074	1065	653	239	4905	3371	1721	1568	1694	75133	2558	743	702	146	2821	2864	1252	1592	1584	73626
4:15:00	37.0	2943	1225	730	153	6209	2294	1853	1584	1604	80497	3101	1062	655	234	4965	3381	1723	1594	1707	75756	2575	764	699	157	2810	2911	1264	1587	1635	73204
4:20:00	37.0	2962	1232	760	148	6296	2279	1884	1599	1631	80243	3102	1086	651	240	4869	3360	1693	1598	1688	75370	2616	753	703	163	2821	2909	1266	1612	1632	73701
4:25:00	37.0	2971	1263	719	138	6250	2277	1838	1585	1620	79851	3122	1074	663	244	4917	3385	1729	1598	1695	75759	2620	758	724	159	2778	2879	1273	1593	1629	73029
4:30:00	37.0	2990	1299	728	135	6249	2263	1872	1600	1630	80197	3152	1062	684	245	4913	3419	1714	1592	1712	75614	2638	756	704	161	2795	2892	1258	1597	1621	73340
4:35:00	37.0	3034	1289	734	146	6235	2288	1837	1606	1626	80372	3208	1097	680	248	4929	3404	1699	1588	1703	75348	2642	780	721	155	2823	2936	1268	1621	1611	73274
4:40:00	37.0	3019	1299	721	160	6297	2281	1856	1609	1616	80314	3227	1114	687	257	4923	3390	1732	1577	1725	75724	2638	777	724	146	2816	2907	1296	1599	1646	73517
4:45:00	37.0	3047	1311	756	150	6221	2283	1859	1599	1619	80379	3228	1107	691	248	4947	3433	1707	1588	1701	75756	2669	797	728	160	2835	2894	1262	1609	1630	73187
4:50:00	37.0	3077	1320	739	163	6221	2268	1868	1590	1638	80391	3248	1107	692	247	4936	3385	1700	1604	1710	75825	2648	784	741	164	2813	2886	1253	1606	1608	73014
4:55:00	37.1	3066	1329	736	151	6273	2289	1814	1590	1625	80157	3239	1133	695	253	4998	3402	1708	1612	1711	76137	2679	791	738	153	2834	2915	1260	1580	1629	73133
5:00:00	37.0	3131	1315	763	147	6249	2282	1862	1625	1613	80344	3285	1118	700	253	4971	3377	1716	1604	1694	75659	2702	810	751	153	2845	2929	1288	1601	1626	73766
5:05:00	37.1	3138	1331	749	154	6263	2274	1833	1596	1611	79909	3322	1137	704	260	4966	3410	1739	1594	1718	75118	2702	788	744	164	2815	2917	1269	1600	1653	73620
5:10:00	37.0	3135	1348	755	155	6217	2296	1841	1592	1601	80285	3338	1133	708	262	4959	3365	1714	1587	1709	75462	2696	795	731	157	2837	2906	1273	1597	1648	73310
5:15:00	37.0	3181	1346	747	166	6248	2236	1844	1593	1601	80356	3366	1150	721	267	5006	3385	1727	1599	1722	75692	2701	804	753	172	2842	2956	1293	1631	1608	73350
5:20:00	37.0	3188	1382	766	144	6187	2261	1840	1582	1616	80497	3324	1147	737	262	5019	3417	1707	1591	1724	75852	2728	837	759	158	2834	2934	1262	1648	1624	73489
5:25:00	37.0	3201	1367	773	177	6326	2312	1859	1615	1602	80430	3374	1138	744	279	4970	3429	1742	1576	1711	75663	2754	819	751	170	2850	2914	1278	1604	1633	73611
5:30:00	37.1	3214	1386	768	170	6279	2272	1847	1587	1600	80243	3468	1157	731	268	5006	3429	1735	1580	1712	75781	2757	820	741	181	2854	2962	1269	1637	1613	73510
5:35:00	37.0	3236	1395	767	174	6206	2286	1838	1586	1598	80263	3461	1136	732	260	5062	3402	1709	1571	1733	75742	2724	832	747	171	2845	2922	1257	1629	1620	73578
5:40:00	37.1	3240	1402	786	166	6162	2323	1851	1587	1588	80618	3423	1161	733	275	5027	3391	1755	1572	1697	75324	2779	827	762	166	2838	2957	1279	1637	1614	73795
5:45:00	37.0	3277	1383	803	169	6242	2271	1846	1611	1615	80530	3466	1152	763	262	5050	3404	1719	1585	1695	75448	2760	820	748	167	2840	2933	1252	1609	1610	73568
5:50:00	37.1	3312	1394	770	161	6316	2295	1844	1600	1606	80726	3490	1171	756	274	5086	3401	1710	1627	1714	75942	2779	856	758	162	2852	2954	1260	1607	1637	73645
5:55:00	37.0	3268	1405	798	162	6286	2324	1870	1615	1602	80750	3527	1166	766	263	5098	3444	1731	1624	1724	75459	2806	841	760	180	2872	2926	1261	1620	1629	73673
6:00:00	37.0	3296	1396	789	163	6274	2258	1869	1580	1616	80193	3515	1183	767	278	5089	3429	1737	1587	1727	75541	2778	849	743	185	2832	2934	1277	1599	1630	73294

GFP-Gext:485,528

Time	T° GFP-Gext:485,528	A1	A3	A5	A7	A9	A11	A13	A15	A17	A19	B1	B3	B5	B7	B9	B11	B13	B15	B17	B19	C1	C3	C5	C7	C9	C11	C13	C15	C17	C19
0:00:29	37.0	331	410	403	241	134063	75215	58637	33294	35085	739038	397	367	312	510	107973	82197	53476	33225	35501	710311	299	276	414	407	74933	52161	33550	30357	34757	689498
0:05:29	37.1	280	356	384	210	123427	56034	52784	32010	33334	729875	346	356	299	407	95869	71958	49221	31771	32642	704268	303	204	335	388	69912	45796	32637	28813	33257	681260
0:10:29	37.0	322	386	371	238	118607	46845	49810	31725	32411	719690	405	355	297	387	91488	69334	46841	31430	32064	699388	362	212	407	343	48916	43788	32091	28298	33068	673725
0:15:29	37.0	466	416	464	233	112069	40768	46380	30818	31980	709389	597	370	374	391	86029	66846	43792	30530	31352	687226	482	259	447	334	47981	42414	30575	27381	32505	671980
0:20:29	37.0	740	508	609	261	105794	38654	43200	29275	30858	709282	987	481	483	406	81047	63452	40693	29600	29912	685699	782	303	569	388	45857	39761	29024	26244	31135	668825
0:25:29	37.0	1200	642	796	316	98563	37256	39882	27932	29346	710221	1593	630	670	458	75770	60238	37167	27585	28836	686253	1210	390	863	394	42980	37938	26766	24612	29877	663881
0:30:29	37.0	1918	813	1087	346	92724	34909	37193	26564	28426	709193	2375	813	915	547	70654	56098	34651	26312	27097	688954	1733	504	1102	448	40097	36140	25191	23646	28790	668842
0:35:29	37.0	2666	1069	1374	371	86130	32277	34160	25130	27017	706759	3350	1112	1141	562	66816	53254	32226	25006	26209	682742	2420	656	1419	451	37762	33987	23199	22077	27349	666258
0:40:29	37.0	3597	1348	1720	439	82173	29926	31641	23566	25889	714001	4270	1397	1502	610	62656	49291	29734	23206	25464	682314	3208	875	1789	518	35315	31632	21477	20828	26133	666085
0:45:29	37.0	4602	1651	1964	486	75749	28405	29045	21875	24797	709158	5253	1659	1727	720	58988	46078	26992	21888	23782	687682	3936	1085	2078	500	33390	29590	19827	19551	25008	664357
0:50:29	37.0	5772	1987	2238	553	71487	26799	26562	20642	23411	709479	6387	2115	1966	757	55484	43268	25431	20439	22939	685527	4798	1297	2328	574	31371	27736	18476	18370	23745	662314
0:55:29	37.0	6739	2292	2431	582	67170	25187	25080	19287	22286	710993	7578	2357	2111	821	52080	40078	23525	19369	21567	683004	5668	1531	2603	619	29659	26443	17246	17230	22586	665756
1:00:29	37.1	7786	2727	2651	629	63559	23689	23225	18110	21137	712251	8715	2834	2343	840	49086	37663	21829	18063	20654	688820	6445	1776	2912	578	28063	25152	15934	16231	21287	664849
1:05:29	37.0	8755	2968	2858	634	60975	22697	21484	17202	20171	708431	9959	3156	2585	895	46488	35707	20343	17188	19731	685229	7264	1987	3239	667	26940	23671	14837	15766	20529	660877
1:10:29	37.0	9880	3456	3080	670	58098	21479	20306	16146	19142	711216	10854	3609	2779	954	45041	34604	19382	16504	18800	680389	8166	2262	3426	623	25630	22718	14006	14788	19405	666344
1:15:29	37.0	10670	3747	3261	754	56024	20775	19316	15584	18328	710593	12168	3946	2793	1000	43299	33031	18197	15712	17959	680547	9128	2529	3590	686	25359	21858	13325	14374	18644	667310
1:20:29	37.0	11760	4104	3538	756	54813	19729	18050	14998	17683	708457	13106	4218	3084	1056	42325	31819	17203	15194	17168	683559	9796	2662	3703	737	24560	21537	12538	13774	17816	664768
1:25:29	37.0	12470	4468	3763	749	53469	19223	17619	14536	16938	712816	13979	4544	3193	1128	41490	30596	16510	14975	16497	686169	10481	2949	3915	774	24193	20993	12213	13507	17112	669221
1:30:29	37.0	13354	4743	3883	797	52905	19348	17056	14226	16765	710883	15084	4922	3272	1203	41337	30133	15894	14680	15794	687816	11384	3114	4098	759	23935	20776	11817	13181	16544	665538
1:35:29	37.1	14182	5211	3933	868	52359	18312	16451	14089	16056	715325	15592	5261	3485	1162	40983	29086	15455	14109	15638	688380	12107	3276	4268	785	23743	20819	11612	13341	15891	669358
1:40:29	37.1	15071	5702	4219	851	51749	18259	16367	13826	15648	711767	16637	5479	3540	1279	40427	29159	15125	14026	15042	685758	12866	3501	4409	857	23781	21406	11182	12944	15698	663515
1:45:29	37.0	15573	6030	4347	881	52216	18287	15837	13718	15293	712226	17193	5802	3657	1266	39978	28365	14844	13785	14594	682707	13292	3561	4513	854	23680	21814	11108	12816	15058	662527
1:50:29	37.0	16319	6338	4512	899	52094	18155	16058	13676	14901	716042	17844	5971	3756	1353	40960	28489	14816	13717	14324	682722	13796	3755	4681	847	23601	21879	10949	13096	14864	663581
1:55:29	37.0	17057	6548	4692	902	51999	17947	15684	13714	14736	714098	18838	6309	3780	1363	40653	28744	14803	13847	14207	688593	14496	3914	4819	892	23799	22289	11153	12684	14636	670525
2:00:29	37.0	17746	6884	4830	906	52287	18090	15841	13643	14597	711335	19319	6421	3982	1390	41079	28191	14845	13723	14173	685406	14998	4032	4938	899	23775	22615	10988	12847	14371	663413
2:05:29	37.1	18011	7063	4851	890	51983	17916	15993	13863	14381	714708	19775	6505	4070	1497	40514	28578	14777	13699	14105	685436	15496	4200	5025	911	23584	22749	11016	12984	14243	663540
2:10:29	37.0	18471	7455	4990	957	51702	18011	15725	13686	14367	714342	20299	6769	4118	1460	40361	28180	14834	13810	14142	685439	16039	4342	5046	953	23556	23268	10899	12829	14036	666856
2:15:29	37.0	19168	7629	5055	937	51874	18067	15761	13615	14301	717801	20880	6930	4229	1435	40544	28356	14748	13699	13910	684241	16314	4378	5138	942	23648	23540	11088	12974	14092	664998
2:20:29	37.0	19350	7795	5181	985	52311	18536	15812	13549	14142	716775	21184	7051	4308	1513	41055	28698	14795	13914	13961	686865	16929	4491	5217	987	23837	23809	10943	12995	14076	668866
2:25:29	37.1	19764	8015	5198	1008	51752	18153	15630	13482	14294	714230	21542	7256	4324	1586	40909	28425	14655	13740	14001	685868	17483	4624	5189	1009	23712	24068	10937	12978	13931	666525
2:30:29	37.1	20141	8156	5391	967	51949	17988	15653	13600	14035	715575	22007	7413	4390	1660	40332	28634	14716	13737	13774	683868	17631	4734	5461	1050	23953	24123	10932	13127	14131	664998
2:35:29	37.0	20287	8153	5290	1030	52109	18383	15709	13731	14079	712191	22261	7497	4447	1630	41081	29033	14604	13623	13962	679417	17934	4850	5467	1034	23946	24024	10734	13105	14212	663743
2:40:29	37.1	20999	8462	5520	1037	51690	18099	15678	13502	14096	714885	22791	7581	4579	1659	40617	28819	14791	13573	13932	682783	18385	4959	5368	1069	23785	24175	10878	13303	14070	667524
2:45:29	37.0	21103	8727	5581	1011	51846	17909	15664	13458	14155	709943	22584	7783	4489	1601	41124	28875	14579	13736	14112	685665	18554	5161	5544	1097	23939	24243	10797	13142	14002	663865
2:50:29	37.0	21491	8721	5651	1059	52053	18200	15555	13589	14183	717935	23039	7977	4680	1740	41260	28593	14575	13529	14165	680225	18821	5135	5648	1091	23806	24179	10824	13166	13967	665546
2:55:29	37.1	21605	9109	5772	1123	52086	18046	15856	13659	14064	719646	23500	8026	4695	1712	40622	28780	14519	13771	14121	689989	19283	5265	5555	1135	23800	24004	10827	13274	14197	667651
3:00:29	37.0	21915	9141	5690	1108	51556	17937	15691	13548	13971	713770	23412	8172	4734	1727	40734	28723	14620	13600	14211	686731	19512	5393	5719	1135	23773	24365	11033	13436	13965	663698
3:05:29	37.0	22176	9192	5814	1118	51328	17718	15669	13429	13996	714710	23900	8131	4925	1796	40657	28497	14575	13578	14107	681507	19606	5415	5734	1115	23825	24366	10866	13170	13908	662471
3:10:29	37.0	22354	9333	5920	1189	51596	18167	15767	13609	13895	709987	23878	8319	4878	1742	40934	28215	14599	13647	14293	685016	20098	5589	5596	1146	23585	24187	10879	13391	14154	666763
3:15:29	37.0	22554	9503	5984	1076	51561	18152	15758	13566	13750	717022	24383	8369	4955	1772	41189	28208	14480	13476	14280	684922	20363	5605	5541	1142	23628	24312	10777	13257	14012	664100
3:20:29	37.0	22757	9636	5996	1146	51699	18135	15381	13536	13759	716771	24163	8356	5037	1796	41134	28324	14549	13523	14139	686308	20123	5567	5804	1178	23800	24502	10998	13504	14032	667676
3:25:29	37.0	22950	9759	6073	1153	51518	18114	15677	13538	13720	715596	24600	8543	5116	1829	41474	28179	14799	13479	14288	684275	20770	5682	5691	1177	23926	24296	10728	13285	13996	668893
3:30:29	36.9	22880	9992	6162	1109	51670	18283	15676	13647	13730	717911	24690	8662	5210	1917	40753	28595	14553	13472	14305	685165	20553	5799	5819	1223	23850	24352	10946	13487	14217	668549
3:35:29	37.1	23419	9916	6085	1142	51837	18139	15807	13711	13743	713905	24884	8603	5227	1899	41210	28392	14503	13720	14151	681454	20940	5818	5919	1232	23925	24488	10918	13375	14025	665677
3:40:29	37.0	23565	9998	6171	1199	52130	18158	15551	13673	13849	712873	25463	8830	5238	1868	41061	28322	14588	13389	14465	682640	21076	5811	5936	1223	23735	24398	10902	13445	13886	668752
3:45:29	37.0	23512	10366	6271	1134	51602	18339	15647	13557	13751	718358	25399	8615	5377	1922	41385	28564	14657	13674	14357	684850	21282	5975	5879	1264	23903	24339	11080	13444	13997	667917
3:50:29	37.1	23982	10434	6251	1199	51966	18354	15885	13537	13756	712649	25547	8715	5345	1968	41078	28686	14547	13513	14389	684198	21443	5921	5865	1254	23638	24497	10879	13615	14069	668344
3:55:29	37.0	24205	10495	6203	1164	51824	18654	15693	13522	13822	722290	25672	8907	5313	2000	41202	28559	14644	13570	14487	688655	21449	6084	5918	1278	23648	24558	10865	13654	13959	666999
4:00:29	37.1	24126	10470	6250	1186	51574	18234	15756	13579	13651	714102	25585	9002	5380	1997	41197	28029	14764	13691	14348	683460	21693	6095	5990	1258	23988	24358	10740	13625	13907	669442
4:05:29	37.0	24385	10508	6439	1241	51850	18299	15664	13457	13726	718050	25789	8988	5394	1965	41275	28316	14699	13507	14189	684024	21788	6222	6062	1258	23966	24505	10710	13697	13966	668101
4:10:29	37.1	24595	10804	6375	1228	52126	18370	15473	13533	13703	716451	26146	8997	5473	1966	41174	28315	14465	13470	14405	688702	21940	6241	5945	1316	24031	24256	10659	13653	14027	668049
4:15:29	37.0	24970	10915	6428	1212	52023	18480	15701	13566	13794	715991	26423	8986	5627	2132	41309	28681	14663	13331	14423	688015	22038	6287	6037	1328	23620	24429	10902	13686	13900	670005
4:20:29	37.0	25094	11010	6360	1212	51763	18659	15646	13497	13698	717167	26600	9267	5672	2086	41519	28659	14653	13595	14633	687395	21977	6481	5976	1313	23709	24645	10949	13675	13959	666753
4:25:29	37.0	25043	11255	6415	1237	51900	18278	15522	13484	13712	720368	26671	9202	5813	2096	41252	28677	14626	13332	14585	683320	22170	6606	6022	1350	24252	24700	10788	13439	13960	663616
4:30:29	37.0	25382	11332	6479	1261	51577	18300	15454	13529	13552	716955	26904	9226	5781	2072	41242	28599	14494	13510	14386	687802	22143	6389	6222	1353	24140	24842	10962	13620	13710	667581
4:35:29	37.0	25595	11569	6601	1238	51219	18474	15607	13586	13714	716914	26903	9246	5773	2058	41685	28490	14784	13503	14432	687013	22463	6603	6024	1365	24212	24645	10926	13567	13943	667220
4:40:29	37.1	26111	11515	6563	1267	51662	18383	15547	13590	13748	719082	27060	9416	5784	2121	41656	28590	14644	13579	14479	684975	22591	6560	6122	1370	24272	24875	10727	13607	14016	667767
4:45:29	37.0	26110	11593	6585	1260	51827	18415	15575	13499	13534	716856	27155	9441	5789	2180	41875	28502	14552	13477	14548	685643	22429	6718	6286	1384	24042	24640	10798	13466	13980	667277
4:50:29	37.1	25906	11611	6575	1243	51632	18409	15620	13486	13645	719079	27267	9299	5953	2172	41686	28544	14726	13431	14436	685287	22865	6699	6087	1391	24121	24720	10757	13664	13836	665624
4:55:29	37.1	26184	11686	6549	1315	51916	18456	15557	13620	13582	711736	27691	9418	5911	2213	41628	28126	14678	13598	14511	687139	22773	6797	6293	1407	24408	24701	10818	13629	13958	665294
5:00:29	37.0	26272	11845	6702	1301	52130	18663	15653	13612	13678	720987	27394	9500	6087	2187	41935	28640	14771	13688	14633	685415	23103	6873	6421	1367	24083	24944	10838	13774	13832	668196
5:05:29	37.0	26243	12133	6662	1301	51464	18555	15804	13435	13544	713573	27898	9596	5993	2231	41575	28604	14622	13563	14530	684887	23039	6827	6265	1400	24008	24925	10701	13849	13859	667092
5:10:29	37.0	26289	11952	6634	1274	52017	18479	15619	13499	13607	715904	28019	9608	6042	2194	41547	28636	14574	13558	14686	685325	23254	6867	6301	1420	24260	24944	10750	13664	13809	669481
5:15:29	37.0	26235	12206	6694	1322	51885	18529	15631	13553	13403	719804	28214	9647	6164	2280	41927	28635	14692	13594	14593	683684	23274	6866	6473	1475	23880	24941	10813	13654	13996	669947
5:20:29	37.0	26813	12229	6721	1314	51663	18445	15778	13613	13509	719910	28269	9739	6147	2295	42073	28867	14432	13518	14333	688397	23287	6863	6345	1456	24294	24982	10842	13701	13621	669291
5:25:29	37.0	26671	12092	6763	1321	51793	18635	15514	13496	13492	716580	28595	9631	6182	2302	41795	28716	14568	13488	14404	682961	23357	6968	6331	1443	24180	24907	10801	13774	13864	669094
5:30:29	37.1	26805	12038	6802	1328	51807	18756	15586	13505	13526	713448	29006	9791	6210	2323	42059	28743	14612	13548	14492	681169	23437	7225	6447	1446	24187	24916	10788	13716	13788	668172
5:35:29	37.0	26924	12406	6696	1317	51688	18612	15593	13581	13634	716989	29074	9973	6238	2314	41683	28784	14682	13439	14770	684841	23553	7017	6464	1472	24572	24626	10704	13709	13882	665123
5:40:29	37.1	27390	12292	6747	1331	51619	18285	15451	13697	13420	719661	28997	9923	6421	2318	42201	29013	14616	13567	14670	688575	23297	7051	6386	1457	24488	25127	10806	13704	13894	673563
5:45:29	37.0	27328	12293	6782	1394	51699	18530	15593	13489	13617	717864	29086	10067	6427	2374	42012	28483	14792	13475	14640	686867	23367	7181	6476	1476	24294	24910	10662	13832	13835	665043
5:50:29	37.1	27836	12431	6820	1350	51714	18471	15789	13527	13444	720545	29359	10003	6391	2374	42534	28822	14764	13496	14654	689134	23840	7260	6457	1519	24602	25107	10989	13738	13693	668224
5:55:29	37.0	27574	12522	6803	1398	51738	18446	15797	13484	13442	715583	29435	10046	6443	2384	42705	28770	14768	13517	14659	688385	23864	7105	6403	1454	24243	25006	10923	13769	13791	666295
6:00:29	37.0	27684	12534	6878	1371	51468	18358	15601	13453	13497	716992	29504	10017	6470	2390	42067	28355	14782	13363	14538	685697	23870	7179	6576	1474	24358	25006	10812	13881	13678	669180

